код	цена	количество
69045	150	6
69787	130	1
72259	900	2
50101	1600	2
50101	1600	1
50101	1600	1
57641	3800	1
52396	1980	1
27136	270	3
67039	170	2
47274	1150	1
68876	830	1
71371	380	2
65252	140	4
67464	130	1
57466	180	1
71079	800	1
71079	800	1
50958	310	1
67641	400	1
67641	410	1
66435	420	4
66453	380	2
66453	420	1
66367	430	5
72649	980	1
72650	980	1
49099	250	8
66593	100	4
69923	150	1
35590	45	24
73313	100	5
52984	160	1
67572	190	3
71135	250	2
71135	250	1
69493	250	1
72627	250	2
63511	170	30
63546	1300	1
71330	1300	1
72841	1600	1
73302	250	3
68622	220	1
71429	960	1
69723	360	1
38346	600	1
69131	570	1
69132	800	1
62625	60	1
48932	23	1
36533	40	3
36533	50	4
36462	24	42
36462	739	0.3
36462	750	0.36
53867	35	4
35288	240	1
35288	270	2
33386	50	29
63614	1450	1
72628	150	2
71137	150	1
72629	550	1
67370	410	1
71952	160	1
72451	180	2
69582	1369	1
70610	700	1
64321	180	1
69486	420	2
39629	850	1
72059	500	2
71705	160	1
71491	140	1
70243	300	1
72736	360	1
68699	500	1
72876	180	1
69687	480	5
69902	370	2
69902	440	4
68719	450	2
68719	480	3
70914	750	1
70822	750	1
72422	700	1
46904	450	4
59321	1000	1
69652	500	1
73067	690	1
69105	460	1
70308	580	1
69567	650	1
64280	800	1
69460	850	9
69460	850	4
59005	70	10
69529	580	1
72137	750	1
72138	600	1
65665	360	2
65665	360	1
60719	450	1
72453	320	1
66743	300	2
72454	3900	1
73102	80	1
67759	220	3
67759	220	1
68308	220	2
72140	1100	1
68309	250	1
67483	300	4
72651	380	2
50602	220	7
64540	200	2
65615	280	1
65615	330	1
72001	230	1
70613	1500	1
69454	520	1
73217	1250	1
71872	164	3
71872	165	1
72292	188	1
71939	111	2
72281	161	2
27146	185	1
27146	194	2
60402	990	1
58816	890	2
68653	790	1
72515	433	2
71848	400	3
66871	220	1
66871	280	1
72890	200	1
72978	250	1
72979	180	1
63632	200	1
72737	120	2
72213	900	2
72156	1200	7
72156	1200	1
73259	220	1
72456	280	1
71507	170	1
72965	160	1
64079	350	1
72955	520	1
72181	400	1
68481	610	1
32609	180	10
45301	630	1
47119	470	1
70419	600	1
47621	470	1
73219	180	3
72947	1900	1
73161	900	1
73010	180	2
50513	120	4
50513	210	2
48056	450	3
48543	750	2
48295	320	1
50627	100	7
48908	320	2
49034	600	1
49111	150	3
58582	350	1
49233	200	1
49233	200	1
64445	700	1
64446	700	1
37809	280	1
70655	520	1
70705	400	1
70706	400	0.5
73071	400	1
34144	830	1
64163	780	1
30657	350	4
73017	65	2
73191	1900	1
73192	1900	1
47116	340	2
40774	200	3
37980	2000	1
37982	1100	1
71306	300	1
72913	300	1
72862	600	1
73170	450	1
72350	190	1
72350	230	1
71789	450	1
60267	200	1
64145	270	1
72980	430	1
72095	430	1
72981	380	2
66160	430	1
72777	80	5
72777	80	1
71768	80	3
50856	230	1
69316	720	1
41892	1000	1
48963	990	1
66856	450	1
46682	1100	1
68146	130	2
72153	320	1
72966	200	1
73014	150	1
71081	150	1
73011	200	2
73012	180	2
73078	180	2
73013	180	1
67573	120	1
68785	500	2
68785	550	1
72786	230	1
67643	550	1
68069	150	1
73215	1500	1
71395	180	3
71000	150	1
65262	150	1
72977	210	2
43707	17788	1
63257	46200	2
65009	38595	2
64576	13860	3
72815	182000	1
72816	182000	1
44488	1100	1
72562	43120	1
30942	119	1
31394	682	1
49607	1053	22
63258	12320	1
44686	55	9
44686	55	7
31849	217	8
72779	250	1
30881	210	2
72524	354200	1
57828	104720	1
57828	115500	1
68832	169400	1
70090	592900	1
60078	5698	1
31689	407	1
31475	335	1
32054	450	1
32054	450	1
32540	243	2
30928	700	1
70291	1500	1
55560	1150	1
27369	780	1
66748	1260	1
70030	655	3
36185	650	1
64392	360	2
73022	2060	1
59885	7000	0.888889
72351	600	1
68827	599	1
32196	2100	3
32196	2400	1
59590	900	1
60891	1080	1
60109	900	1
27159	930	1
57767	1880	1
70608	3900	1
42755	300	5
46274	300	3
54225	2400	1
66113	80	10
66113	80	2
66113	80	1
63347	100	1
70635	2200	10
30718	1700	1
66168	960	2
66168	960	1
72911	258	1
64908	980	1
49360	1450	1
69890	530	1
70124	213	4
69388	80	6
69388	92	1
60964	68	1
30312	1600	1
69446	250	1
59343	3100	1
49256	1100	1
49253	1300	1
35911	90	2
72310	3100	1
72054	810	1
59710	3202	1
54760	4903	1
62219	500	1
62219	600	2
68888	800	1
69866	701	2
68591	600	6
71326	358	5
73169	750	1
55889	650	2
55929	560	1
72273	550	1
71325	500	3
72164	400	2
71841	480	1
33938	430	1
72212	5200	5
71215	2550	1
42587	470	1
66433	480	1
33924	1180	1
67175	1000	1
66906	185	4
54084	185	3
55732	166	1
63813	490	1
62777	800	1
71739	1050	1
49321	400	1
69889	2100	1
72961	69028	1
69631	700	1
27193	1700	2
64710	2700	1
61344	2600	1
64360	2450	1
68316	1160	1
70814	510	1
73069	510	1
73227	680	1
60843	1000	1
51283	560	1
36190	3100	1
27210	850	2
71296	220	1
73293	230	2
69571	759	3
63543	730	2
63543	730	1
69608	700	1
69608	700	1
69608	700	1
71224	1000	1
71224	1000	1
69303	1150	3
69153	670	1
38258	400	1
27215	210	2
37498	120	3
50177	120	6
70562	580	3
27218	570	1
27218	600	3
27218	600	1
27219	490	4
68137	150	2
60481	150	2
67873	410	1
27227	95	5
69738	60	1
59807	850	1
72521	790	1
65462	800	1
73134	650	2
68361	650	1
68361	720	1
27233	3000	1
62521	299	2
62521	299	1
27235	1250	2
55245	4005	2
71405	9896	2
65796	5210	2
65796	5217	1
71951	2250	2
73271	110	2
66905	770	2
71797	2400	2
72082	2750	2
71794	1520	1
70920	2600	1
70921	3150	1
72958	1200	1
56096	1880	1
69192	1490	1
72582	1800	1
69827	1200	1
73260	50	20
71666	100	8
71666	100	2
27248	201	3
62623	440	2
62623	460	3
27249	165	8
27249	167	1
70076	340	3
71021	350	2
71202	600	1
71203	850	1
69981	570	1
71551	600	1
70077	674	4
71066	1150	1
71126	480	2
71126	480	1
70237	1800	1
72898	72	20
71102	765	1
71102	788	5
27252	741	1
27252	819	1
35468	300	1
58174	135	3
52722	600	4
53113	220	2
71992	1307	2
71993	3364	2
70876	90	4
70876	92	2
72829	202	3
68664	188	4
68664	189	9
71588	315	1
60107	30	15
68878	448	4
68878	449	1
65418	304	1
65802	493	4
27265	490	3
30298	129	2
30298	129	2
30298	129	2
30298	131	1
66770	1680	2
71324	69	77
68247	160	1
66953	175	1
71011	1147	1
27273	160	2
57243	102	3
66924	90	2
66924	90	1
27279	630	1
47946	650	1
56517	520	3
56517	520	2
73199	290	2
72406	460	1
72377	300	1
58376	450	1
73279	240	2
73288	230	1
64506	550	5
63249	590	1
66158	700	1
57289	70	9
30562	200	1
46727	2400	1
27286	1980	1
66179	29260	3
38034	150	2
61346	400	1
72533	320	3
30462	600	1
50573	120	5
66139	270	2
66139	270	1
27305	650	1
72365	560	1
73244	8800	1
71087	1300	1
62104	1070	1
70017	480	1
71683	1309	2
73185	1166	1
70956	629	27
70527	618	5
51619	880	1
51619	880	1
70662	770	2
71482	1000	2
27315	1000	1
27315	1200	2
40067	750	2
52204	1567	1
72177	830	1
72178	780	2
62627	228	4
72092	232	1
71264	750	1
55713	2000	0.25
55713	2060	1
72028	990	2
72028	1000	1
68234	1080	1
62910	850	1
63278	19200	1
63278	19800	1
72591	850	1
71560	1270	1
70143	1600	1
33281	240	2
33281	240	1
71563	250	1
58237	750	1
72846	750	1
64430	750	1
57329	250	1
58936	266	3
68187	930	1
73287	900	2
44005	820	2
73172	930	1
73173	450	1
72353	3300	1
63774	2400	1
66934	700	1
67804	1300	2
72987	3300	1
63102	5600	1
72557	610	1
27328	1800	1
27329	790	1
73094	179	6
40250	440	2
36117	370	1
36117	450	1
67712	632	1
66880	230	1
71650	350	4
55381	35	3
73177	35	5
73178	35	7
73179	35	8
35336	101	6
32739	55	2
58097	75	10
58097	75	3
47796	540	2
39119	800	2
64197	150	4
33487	120	10
38164	70	5
72820	130	3
72988	108	2
72856	89	5
56203	140	2
67635	700	3
67635	700	1
73087	114	3
69854	4200	1
70752	4900	1
55699	131	4
55699	133	2
69690	84	4
69262	87	3
37329	600	1
72611	469	2
64393	419	2
72800	208	2
68542	182	2
68542	187	1
71104	195	2
72201	498	1
65869	60	2
70643	380	1
30362	484	1
30362	498	3
32899	790	2
32899	790	1
65071	960	1
56115	1450	1
55690	300	1
69727	70000	1
27365	860	1
69640	750	2
61328	980	1
61328	990	3
68173	730	5
68173	850	2
67690	980	2
57833	450	1
59874	300	1
52296	29	13
58397	27	1
33654	250	2
58568	111	1
71763	35	2
36551	66	2
68391	80	1
73073	136	4
72996	193	1
45991	410	1
64538	1150	2
41133	340	1
68620	760	2
72276	539	4
72276	539	3
69957	690	1
61887	77000	1
32123	980	1
32122	980	1
31140	510	1
72295	6738	4
65008	2310	1
72397	400	4
69870	720	1
62158	78000	3
30885	152	1
31035	320	2
32024	500	1
31320	3300	0.533333
71064	125000	1
71985	589820	1
30843	730	1
30843	800	1
72620	560	1
73162	100	3
72949	100	3
72950	100	3
33597	150	3
60894	1800	1
60015	990	1
45896	950	3
50776	680	2
72387	2100	1
64909	1500	2
64342	1280	3
47793	300	2
36649	550	1
34772	70	4
34772	70	1
67880	950	1
71431	550	2
71278	500	1
71278	500	1
71602	1450	1
72222	1450	1
54774	1100	1
72808	550	1
72809	550	1
64475	850	2
58823	850	1
65190	400	1
67271	420	1
69089	680	1
69089	700	2
27405	760	1
27405	790	2
64341	700	1
64341	700	1
70896	12882	2
72559	350	1
68319	450	0.2
72616	450	1
69461	320	1
73048	220	2
73090	240	1
73136	130	2
72081	130	1
72320	130	1
63901	100	4
67925	110	3
64233	130	2
68924	190	8
68924	190	1
73145	60	1
70003	90	1
65364	170	1
72321	140	1
73024	170	1
69152	95	2
69152	95	1
69152	100	3
68496	35	20
68496	35	20
40708	35	21
70708	590	1
38819	760	1
38819	780	1
39710	360	10
39710	385	1
61836	1700	1
68657	3850	1.0E-6
70078	28	52
63642	70	12
66279	100	3
37030	730	1
39496	166	1
63051	256	1
37342	990	1
49855	510	1
32198	830	1
62600	1350	1
71297	350	1
64091	410	1
27429	450	2
71220	550	1
52706	550	1
27433	500	1
69099	700	1
67085	69	6
72245	800	1
48223	1100	1
27439	900	1
72908	1270	2
72635	1570	1
71950	950	1
67895	190	4
58229	150	1
58922	320	1
27445	133	2
72263	1040	3
32214	587	4
27449	238	2
73234	2300	1
73077	2260	1
73077	2350	1
72653	1600	2
30371	760	2
35195	240	5
72018	270	7
51631	220	1
71476	500	1
53473	300	1
64353	170	4
64353	170	2
56179	130	1
59859	2270	1
71358	163	1
58627	197	2
62912	141	2
54824	383	10
35846	550	6
27457	840	1
68937	645	3
63562	172	6
63562	172	1
69047	428	5
69047	431	3
71117	175	1
56420	686	2
58927	784	2
69412	2100	1
27462	1629	2
71407	990	1
33935	750	1
60304	650	2
70241	550	2
70241	550	1
70247	540	2
72394	2100	1
65900	950	1
57287	950	1
37052	90	2
72123	160	1
70579	70	2
68552	150	1
36152	160	3
59497	400	2
68934	35	20
70184	1400	1
62823	1100	1
61800	500	1
72357	200	1
72563	400	10
57616	30	3
56064	45	22
57520	35	1
72721	40	1
27475	35	9
39854	145	1
39854	320	1
30395	1350	4
30395	1500	1
66814	250	1
72385	150	1
63424	170	3
73294	300	4
32641	300	4
27474	30	10
51064	25	11
66751	20	6
66751	25	2
27483	20	8
27483	30	8
30643	30	10
60451	30	8
73032	150	2
65312	80	1
72873	450	1
71715	350	1
69340	600	1
69598	1100	1
69598	1100	1
27492	330	2
61571	450	1
61572	750	2
68517	192	10
68517	199	2
69908	82	3
67862	499	1
72960	49	1
72960	49	1
72960	49	1
72960	49	1
58291	200	1
57268	600	1
56880	550	1
57269	336	1
57269	900	1
72322	150	2
72867	150	1
73137	150	2
72914	276	1
72914	280	1
73200	332	6
72844	144	1
72844	149	9
51880	135	1
51880	136	8
66354	270	2
72209	222	1
33922	127	4
71480	570	1
65540	570	3
65540	640	1
33411	1150	1
33411	1150	1
68300	700	1
68300	730	2
49388	2750	90
49388	2750	4
49388	3450	8
69406	150	8
67668	270	4
65079	250	1
69989	350	1
70636	380	1
70084	370	2
70027	400	1
71720	2100	1
66002	1318	10
30301	460	2
27508	450	3
27508	450	1
55362	800	1
64364	510	1
70377	600	1
70377	610	1
72598	60	7
67104	3450	2
69976	660	1
72223	550	2
41682	200	1
41682	220	9
64707	30	3
67579	35	24
32869	280	2
50891	230	1
27516	280	4
36801	160	1
60966	45	22
60966	45	10
60966	45	4
33415	120	2
32986	180	10
39845	5390	2
71347	2932	1
66103	1700	1
72962	68266	1
35762	4900	2
71132	9087	1
60892	15332	0.416668
70117	3057	1
72172	40	7
72172	40	6
63081	25	2
66972	570	2
62926	1350	1
58952	3100	2
58906	2400	1
58906	2400	1
63403	4250	2
71225	780	1
56971	1100	2
56971	1100	1
73081	160	4
71095	250	5
71095	250	1
73062	380	1
69230	527	1
71337	2565	2
71876	570	1
73096	800	1
68900	970	2
27534	900	1
68571	300	1
71180	650	1
71180	660	2
45506	680	1
30626	550	1
72203	550	1
63926	100	3
65732	830	2
28338	1100	1
28338	1250	2
66086	370	2
30397	1350	1
29003	800	1
31894	700	3
66090	370	3
62994	6900	1
37964	1403	2
61295	180	1
64146	90	1
58601	593	5
58601	593	5
72323	250	1
72500	100	1
72502	100	1
72499	100	1
72501	100	1
72877	860	2
66873	600	1
65302	450	1
40377	490	1
73208	680	1
31709	300	9
27691	180	10
72525	46200	1
60041	35420	2
63259	10010	1
57749	12650	1
61894	29005	1
40744	497	1
42280	1008	1
42278	1680	1
40738	1680	1
40737	1680	1
42273	1680	1
40742	1680	1
42276	1680	1
40776	49280	2
48960	650	1
27601	800	1
31239	4000	2
31114	4100	1
30977	570	1
71883	133518	1
59448	4620	10
31420	330	1
66907	924000	1
66908	123200	1
32874	65	18
39626	107800	1
64171	110880	2
61506	1450	2
66979	57000	2
66979	57500	1
63864	900	2
46535	600	1
27542	800	1
41973	55	7
51149	90	3
37860	800	1
73193	1900	1
44059	600	2
56404	1100	2
52493	4550	1
58805	1700	1
49080	320	3
49080	320	1
61289	320	1
73210	250	5
43300	250	5
30566	70	1
61864	160	1
66708	65	16
36092	80	1
36092	85	21
36092	85	4
71269	550	1
70850	450	1
70850	470	1
72842	840	1
72840	470	2
71541	700	2
72438	650	2
50775	40	5
52392	80	1
52392	90	9
43319	380	1
63264	160	1
72450	260	2
72450	260	1
71856	2116	1
72341	320	2
63290	300	4
65744	350	3
62633	7600	1
27569	1762	2
65013	1100	1
67835	510	2
69326	1450	1
51725	590	1
68574	960	1
67883	730	1
67638	600	1
70619	600	2
72511	740	1
70925	266	4
71938	2700	2
64751	221	3
72907	90	5
71456	50	6
69305	230	3
69737	80	1
69293	95	3
72933	100	3
64400	110	9
69790	90	4
27578	80	1
70000	1170	1
27579	912	1
55092	1900	3
43708	2200	2
55842	1750	1
51848	1150	1
66437	2100	1
66210	200	2
66210	200	1
51468	1650	1
72090	480	2
72090	480	1
59893	870	1
40551	1350	1
48530	2150	1
66503	900	1
72346	620	2
67499	700	1
69578	1330	1
67109	205	1
30481	54	1
27593	135	2
70192	234	3
70192	235	1
51956	388	3
70985	139	10
70985	140	2
56919	4100	1
50941	770	1
59474	430	1
50069	700	1
40006	90	1
65792	150	3
27610	600	2
70127	9130	5
56852	580	3
27613	670	4
27613	670	1
27614	800	1
54108	5500	2
66368	470	1
50586	255	2
57723	131	1
27615	650	1
54825	850	1
68884	5200	1
72355	12700	1
72355	12700	1
69427	1100	1
54731	1200	4
71516	770	2
61656	1550	1
71037	90	2
55270	124	1
73222	647	1
73222	655	3
62423	100	3
45361	250	1
71129	189	2
71129	189	1
64019	127	1
64019	128	1
73097	1226	1
68470	1518	1
60318	990	1
67975	1100	1
47509	390	1
69583	700	3
73112	250	2
73112	250	1
71613	2700	2
46049	60	9
46049	70	5
71030	520	2
73076	300	5
65429	250	1
27637	250	2
32929	250	1
70214	270	1
73044	800	1
73225	970	1
73226	1250	1
63163	820	1
27642	490	2
27643	400	1
41119	3050	1
43494	2800	2
27646	1600	2
56410	2600	2
72603	1250	1
65997	1500	1
73100	1300	1
71350	800	1
58603	2800	2
27660	716	2
27660	717	5
62776	392	1
59189	1262	4
61481	264	3
62782	244	1
62644	563	3
62644	576	1
70777	800	1
70777	1000	11
73154	340	2
73155	530	1
70778	950	1
73159	550	1
27672	6900	1
33931	126	1
33931	126	1
69298	129	3
69298	129	3
72615	190	1
64179	120	15
64179	120	5
33074	100	5
33074	100	2
30399	450	1
54272	380	3
61706	1400	1
39890	750	3
27681	158	3
35849	50	1
35849	51	4
27684	420	1
27684	430	2
42739	990	2
67037	5816	2
66180	4555	3
43618	1759	1
58373	65	6
71886	1940	1
46562	800	2
46562	800	1
31961	640	1
31961	640	1
63254	2464	1
71887	72380	1
63255	4620	2
52244	30	10
52244	30	2
39160	500	1
69680	600	1
27815	850	10
27815	850	3
73327	150	3
64256	450	1
73212	1550	50
73212	2000	1
53431	730	2
53431	750	1
70931	66	20
56161	2100	1
27695	970	1
27697	1300	2
72725	1500	1
71696	120	1
54533	390	1
54533	410	1
27703	980	1
63889	650	1
61004	260	2
30498	200	5
30498	200	1
48476	500	3
49238	895	2
43158	890	3
43158	890	1
27708	620	1
27708	720	2
59993	630	1
56120	393	2
56681	361	1
27711	730	2
71114	410	2
71819	420	3
64565	550	4
64565	550	1
41329	547	1
71669	280	1
72050	180	1
62131	270	1
32729	400	1
32626	220	1
32626	250	1
69725	170	1
34556	40	2
63410	50	3
70144	45	5
43795	50	18
60672	50	10
54150	40	23
43613	55	106
44876	50	4
44876	50	2
52313	40	1
69317	150	1
65209	1300	1
72863	360	3
44607	88	2
71542	1100	1
61218	1290	1
66511	3650	1
27733	3500	1
27733	3500	1
70533	1670	1
67736	2200	1
70047	500	1
70047	550	1
42992	1105	2
72857	650	2
35721	110	6
35721	110	1
56052	200	5
72667	700	1
27736	580	1
38662	1300	1
72613	700	2
73175	700	1
73326	1438	1
71050	1998	3
72006	2630	3
72006	2632	1
73082	1305	2
73082	1444	1
65253	370	1
65253	370	1
65235	620	2
68527	650	2
71276	173	10
27750	320	1
64991	13911	3
72843	50	4
41667	67	8
63162	317	4
63162	317	2
72858	500	1
56767	830	1
71814	1190	1
71399	770	1
71399	830	1
71427	1700	1
70806	1700	1
71460	120	4
58810	370	2
71384	890	1
70606	530	1
72368	580	1
70824	640	2
70824	640	1
27765	104	3
65902	126	1
65902	127	2
27767	680	1
27772	350	1
73095	801	2
72370	2757	1
60204	751	1
62335	669	3
70195	165	1
72608	980	2
72968	217	2
72968	217	1
65509	118	1
72895	220	2
72895	220	1
67052	240	2
66234	60	1
71826	270	2
57249	300	2
72093	45	10
72093	45	1
27792	170	2
71558	97	4
71558	98	38
71558	100	1
67589	490	3
71112	1060	1
67574	5124	4
53450	2101	2
72061	450	1
72062	450	1
72194	135	9
68303	540	0.8
66917	2300	1
51654	2100	1
54518	2700	1
44194	2400	1
69901	344	1
72150	404	2
65260	694	2
46892	412	1
65507	291	2
35554	60	10
73098	236	2
71001	2000	1
72926	750	1
32129	990	2
31661	870	2
31661	870	1
66109	1160	2
66109	1160	1
55088	90	4
58773	90	3
27812	60	8
42334	750	1
42334	750	1
30670	710	6
30670	710	3
53978	890	2
53978	890	1
54874	760	2
54874	760	2
72470	2000	1
30577	1800	1
30577	1800	1
65311	280	1
34263	250	1
27819	364	3
52212	507	2
41038	499	5
41038	499	2
65874	2500	1
72900	120	1
60483	360	1
71338	530	1
73025	400	2
57793	510	1
70319	239	2
72969	150	2
70016	138600	1
70014	96140	1
70015	117040	1
61125	61600	3
61895	72380	1
31983	1400	1
30999	160	3
30999	163	1
63716	3080	5
65034	5692	3
32973	673	2
30906	650	3
72899	292600	1
64525	273780	1
51251	140140	1
63157	26180	2
31028	159	2
31126	1320	1
31369	840	1
63564	13090	2
41040	380	4
30585	290	5
31706	618	1
30893	1200	1
59840	99880	1
62216	69000	1
73163	400	1
72270	350	2
72757	600	1
27824	820	1
70784	2000	1
55943	2670	1
71914	1000	1
72084	910	1
72085	1050	1
72086	790	1
72087	1020	1
69368	900	1
69368	900	1
71818	135	2
37113	100	2
72552	100	1
65607	600	2
44690	750	1
44690	890	1
72202	320	2
49322	1100	2
70986	217	3
60906	83	5
60906	83	4
69537	600	2
51940	670	1
66810	277	2
71379	533	1
54662	340	3
54662	340	1
54662	340	1
40856	140	3
40949	600	2
69294	3700	1
52432	650	2
66571	870	3
48163	150	1
73009	1500	1
73009	1500	1
33765	400	1
64472	410	12
72630	2300	1
54357	2600	1
54357	2600	1
36520	80	1
59093	490	1
70371	490	1
70699	247	1
71402	1180	1
69215	580	1
70140	850	1
70140	850	1
70140	850	1
45431	850	2
57180	1080	1
27845	1100	1
53203	782	1
54551	1102	1
54551	1102	1
54551	1621	3
66396	1400	2
63083	4000	1
73267	2380	2
67222	1370	1
68549	2670	1
68549	2670	1
67375	1450	1
73334	4300	1
71090	1060	3
60186	980	1
73105	1650	1
66142	150	5
57096	2820	1
57096	3221	1
70304	2050	1
70594	1900	1
71454	1007	1
72439	500	2
63336	28500	3
70018	267	3
70018	269	1
60862	220	2
65856	340	1
62311	300	2
65369	180	2
37902	70	1
52947	334	1
56162	2000	1
56162	2050	1
65633	960	1
70798	130	1
70798	150	2
65965	740	2
33988	100	1
42589	840	1
70828	118	2
66451	1059	1
66451	1362	4
66451	1369	1
62772	470	1
68678	320	1
72007	650	1
72007	650	1
27873	250	2
67261	350	2
67261	350	1
73186	570	2
70954	780	3
66610	480	5
46182	170	1
73274	79	8
35793	100	1
27872	82	1
27872	102	12
71246	68	4
71246	69	1
72662	100	2
69013	600	2
55069	340	2
71581	200	1
56376	35	15
63152	370	1
64946	170	1
37231	1900	1
72091	2850	1
71978	1050	1
66831	550	1
66831	550	1
73312	1000	1
62718	1050	1
27900	850	5
27900	850	1
71380	469	1
71381	239	1
69213	236	1
27901	236	3
30375	139	1
30375	145	2
54652	2550	1
70926	1170	1
27905	17660	2
72358	660	1
70620	1300	1
72179	870	1
70099	716	2
70546	484	1
69551	184	6
69551	187	1
54764	1780	1
27909	1650	1
27910	1650	1
54917	1200	1
70785	916	1
70785	928	1
73281	900	1
73064	240	1
72303	1518	2
70086	890	1
35594	610	1
62564	380	2
62564	380	1
67168	691	3
30317	450	3
30317	450	1
33306	330	1
33306	350	5
70191	330	2
70191	340	8
30506	480	5
60358	370	1
71252	393	1
54850	162	1
47740	159	2
66936	450	3
72810	370	1
27933	950	1
55225	1550	1
57066	460	2
58719	590	1
57526	450	1
63735	410	1
72430	350	1
72430	350	1
38215	2100	2
51538	2550	1
27939	620	5
56174	270	1
61478	650	2
40227	850	1
73042	680	1
41179	900	1
41179	900	1
37591	540	2
44697	1190	1
30465	790	1
62724	850	1
36088	990	1
27940	970	2
27940	970	2
47976	620	2
27942	1100	2
55117	690	2
68833	1005	1
68923	1450	1
27945	338	2
34584	1300	1
49245	820	1
61780	370	3
72469	10296	1
72466	5096	1
72467	16352	1
72465	22362	1
72468	14647	1
73141	600	1
68612	350	2
68612	350	1
72057	1300	1
69327	29	1
72674	134	5
72674	134	2
73180	138	2
71293	79	1
27957	130	1
72514	750	1
60236	1650	2
65924	3300	1
65924	4100	1
61627	3500	1
61628	1800	2
47489	3200	1
57696	6800	1
67633	1410	1
71208	1200	1
71208	1300	1
39231	130	2
36521	70	3
44896	430	1
71917	510	2
69324	100	2
61614	750	1
69067	750	2
45983	1200	2
66681	350	2
66681	500	2
53045	750	1
56218	230	1
71003	1381	1
71003	1385	1
68469	495	2
72008	1370	1
73133	403	1
72165	733	1
64343	404	1
64343	414	1
67355	759	3
55118	1070	1
67555	1042	2
67555	1050	1
73236	380	1
73237	380	1
71418	2440	1
71750	380	1
56167	140	6
56167	140	2
70193	64680	2
72681	1800	2
72681	1800	1
73037	4000	1
70380	150	1
70380	160	2
69349	710	3
60386	310	1
65063	80	8
65063	130	1
71329	120	1
34869	680	1
34869	680	1
71729	580	1
66037	70	3
73151	70	6
73149	70	6
73150	70	6
60731	70	2
61224	70	3
59145	70	5
61225	70	1
61225	70	1
61227	70	5
61227	70	4
61227	70	1
72847	330	1
27982	290	1
69279	990	1
70549	170	4
39002	350	2
45669	1000	1
39487	770	1
70028	24752	1
55723	26070	2
67928	55000	1
52568	150462	1
65290	1030	1
47653	251	3
51574	600	1
28012	250	2
53802	160	2
52463	98496	2
33368	1600	1
54851	800	1
69225	908	1
68631	3800	1
45390	85	11
73299	300	7
43511	300	1
38186	160	4
34818	60	2
70381	20	5
61924	250	2
72921	150	1
69834	150	1
70856	150	1
69990	110	1
71012	130	1
70103	130	2
70209	120	3
72538	200	16
52003	200	1
61936	250	1
64531	70	6
70410	3962	1
72128	1200	1
73107	1400	1
73318	3200	1
73124	2300	1
70534	1950	1
72101	790	1
71339	1410	1
35683	1809	1
52596	6300	1
70036	5200	1
61389	360	1
61157	300	2
72133	990	1
73306	980	1
61158	500	1
61848	540	2
63096	680	3
61620	170	1
61526	200	4
47884	350	1
71709	250	1
72239	200	2
37451	221	3
67919	468	1
42743	820	1
28040	231	3
28041	507	1
71287	124	3
71198	208	1
71433	420	1
72896	840	1
72764	220	1
28049	240	10
28049	240	1
28049	240	1
36121	260	1
36121	350	2
28050	360	2
28050	360	1
28053	359	7
60835	660	13
70362	180	1
65596	150	3
69155	170	1
73156	260	1
28060	80	5
52955	150	3
31716	562	1
68443	61600	1
71931	10780	1
28074	184	1
28074	249	1
28074	251	1
61319	6160	1
62217	246400	1
57013	88010	1
30860	65	1
30860	100	1
44274	1400	1
41187	290	9
50569	240	2
50569	240	2
58101	116	5
58101	116	1
69214	84	10
69214	84	6
50886	55	2
32633	58	1
32633	62	10
72271	753	1
71765	271040	1
68980	90	90
72612	15	7
71414	15	30
55357	1600	2.6E-5
57189	150	1
66920	250	3
72765	250	2
72972	3000	1
61150	1200	1
70711	1950	2
68045	730	5
68045	730	3
66181	140140	1
69651	618734	1
72963	837463	1
72964	426	4
70739	520	2
69668	26180	2
71303	220	2
69360	277	1
69360	278	8
49120	990	2
67831	23885	2
55071	670	3
54157	900	2
54157	950	1
56691	747	2
56691	747	1
55817	913	6
70358	1000	1
72954	200	4
72954	200	1
73132	2500	1
68298	2800	1
73129	2600	1
44244	1746	4
47682	333	3
30608	5629	5
69237	1550	1
73335	1300	5
63679	126	2
65671	130	1
65671	145	5
34002	111	7
34002	112	2
63457	3900	1
46706	650	1
60707	680	1
61766	1700	1
33389	150	3
69475	500	1
69475	780	1
68537	570	1
49097	220	2
46587	130	2
70904	250	2
71629	1316	1
68365	1943	1
28101	142	19
73332	1800	1
72151	1200	1
72151	1200	1
28110	390	1
67538	1100	1
72509	1090	1
55409	3700	1
55410	690	1
55410	950	1
55410	1100	1
55411	800	1
55412	800	1
55413	1300	1
71574	690	1
59825	650	3
64398	20944	1
55119	990	1
49397	1100	1
71586	1900	1
71700	3100	1
54289	1050	2
64617	440	2
32435	1050	1
36879	1000	1
34766	150	1
65424	2500	1
66399	558	1
59887	500	2
71493	350	1
67601	400	2
72930	203280	1
33068	240	1
64165	70	30
64165	70	4
73329	220	10
72647	60	5
72645	153	2
55017	249	1
28127	231	1
33619	600	1
68485	550	1
68485	550	1
65565	84700	2
68441	66000	1
61966	92400	1
58039	749980	1
64613	77000	1
69292	140140	2
30901	180	3
43438	4750	2
41057	3404	1
31246	70	1
31181	510	1
40946	20636	3
67695	233	1
71984	638330	1
61899	13816	5
61900	21560	5
49630	771	4
30739	1035	2
30739	1044	1
31806	900	2
32892	550	1
31975	570	2
31975	570	1
33056	3120	1
69086	92400	1
31816	691	4
31986	1165	1
41317	690	1
63826	58072	1
72712	1708	2
40731	870	1
31033	180	3
72894	49280	1
61169	5236	1
30818	100	1
31296	40	2
31308	40	2
31302	75	7
31302	90	3
31303	65	40
31300	80	1
65457	45	50
65457	45	40
65457	55	16
31500	220	2
31500	220	1
61320	187880	1
65073	84	150
28364	120	1
28364	160	2
72248	90	1
71893	34188	1
72564	2370	1
35001	4400	10
72865	850	1
72002	2100	1
72504	263	1
58268	212	2
68267	479	1
54311	343	1
54311	345	1
54311	347	3
68048	618	4
68048	626	2
65873	5676	2
67040	380	1
66341	290	1
28136	280	2
58304	90	1
58304	100	5
56769	60	14
62452	1650	1
55607	1997	1
62551	230	3
63037	1650	1
71555	740	1
63117	1100	1
59341	750	1
33527	1390	1
70560	1180	1
38864	580	3
70260	1260	2
34950	198	2
68259	60	1
68259	62	18
71564	730	4
71564	730	1
72027	1700	3
72992	250	5
56088	610	2
69960	870	1
33445	40	7
33445	40	3
66468	640	1
71943	400	1
71654	470	1
59518	420	1
54939	1050	1
50709	136	1
40848	1080	1
43777	1200	1
61493	1130	3
61383	2050	1
54387	950	2
35087	130	1
35932	12804	3
70983	8375	1
71385	450	1
71385	450	1
35604	180	1
30345	450	2
30345	450	2
73340	580	1
48915	247	1
28185	432	3
35657	900	1
73068	196	4
70297	99	3
70297	101	1
70297	107	1
72634	60	10
70591	171	3
71822	600	2
71822	600	2
43222	277	1
51138	358	1
51138	365	2
59057	198	2
72506	74	6
66900	450	3
67437	670	1
67437	700	2
68369	870	1
70774	1150	2
68046	1100	1
63648	347	2
56368	275	1
68837	1350	1
45011	240	1
56965	850	2
54900	850	1
71908	8007	1
68840	40	6
68150	580	1
68150	580	1
28215	740	1
28216	550	2
42642	70	2
58228	60	10
56808	70	5
63656	960	0.1
73275	2486	1
73275	2486	1
34631	197	2
70724	164	2
73268	660	2
73261	2029	1
72798	1068	1
72789	172	1
72789	182	1
53514	1206	1
35355	1600	1
64564	1550	0.8
28223	2102	1
61479	603	1
62694	1978	1
54534	730	1
48604	920	1
39452	97	8
28226	193	2
28226	204	1
39696	422	1
72009	850	2
56602	1400	1
58656	450	2
72495	340	1
72751	377	3
72343	151	6
72587	950	1
71378	357	1
71378	372	1
64758	174	1
64758	184	5
59834	290	2
73029	148	5
72490	260	2
65342	800	2
36946	154	4
36946	156	1
56905	690	1
54908	130	5
70042	111	4
55018	200	6
62977	730	1
63549	800	1
69206	1200	1
60876	65	1
33859	80	3
28243	1500	2
56300	300	1
64973	150700	1
64973	194810	2
47295	670	1
42547	380	1
51436	380	1
51438	380	1
41059	5400	1
65383	1550	2
69350	161	3
71468	319	2
70547	252	3
73026	270	3
71635	818	5
33461	75	2
64699	550	1
66410	650	1
28260	120	1
28260	180	8
61488	2753	1
72190	3582	1
38754	750	2
38754	750	1
32577	1930	1
28265	1500	1
54809	1450	1
32743	1050	1
72885	1450	1
42954	800	1
64185	1400	1
65372	600	1
65372	600	1
65372	620	1
72718	193	1
72718	199	2
61411	990	1
71054	1050	1
70769	860	2
71125	705	2
67763	730	2
72119	380	1
70804	200	1
70804	200	1
73201	870	1
52160	180	2
69329	10500	1
50628	12320	2
58759	301	2
72342	1100	1
32578	57	2
72771	600	1
28275	170	10
69387	210	1
69393	1700	1
63053	900	1
65681	900	1
65689	530	1
54535	3150	1
34408	870	1
34408	870	1
72389	1750	1
72258	1000	1
71946	91	2
72897	4150	1
70927	1130	1
71948	2159	1
71947	3202	2
67581	1600	2
67438	420	3
67438	420	1
71127	550	1
67973	390	1
73123	450	5
28281	60	2
59300	45000	4
43711	450	2
62062	500	1
62062	500	1
35979	170	4
72290	1	1
72505	250	1
71585	380	3
71585	380	1
55622	500	1
28290	400	3
28290	420	1
40871	300	4
40871	300	1
73295	620	1
72940	1700	1
72546	1950	1
54452	950	2
47679	1200	2
64623	3550	3
64623	3550	1
42423	1450	1
67133	280	1
46354	1450	1
30265	650	1
73028	630	1
35726	870	2
73305	510	1
71270	760	1
64731	750	9
61883	329	10
61883	330	2
70528	596	1
70528	610	2
39576	800	1
39577	760	1
68572	340	3
68572	340	2
61845	175	4
72793	720	1
71035	650	1
28312	317	2
64053	150	2
57358	20	18
72928	250	1
73265	35	1
73296	30	49
57357	30	19
59417	1150	1
57137	400	1
72679	400	1
53226	250	2
53226	250	1
56592	700	2
35690	400	2
35690	480	1
73120	970	1
69485	950	4
63345	1428	1
65428	1434	1
68224	180	5
56516	250	2
33730	50	108
28326	130	1
28327	162	1
63677	160	1
34968	150	1
72763	900	1
72870	194	3
73272	490	2
28332	500	2
63541	630	1
71537	520	1
65049	840	1
30547	500	1
30547	500	1
39053	140	1
54388	790	1
64795	176	1
73336	127	2
52841	450	1
69914	1550	2
38136	850	1
38136	880	1
28345	134	2
28345	134	1
40746	2452	2
71751	250	1
71753	300	2
39959	965	1
54734	2049	1
41033	583	2
62489	1500	1
62489	1500	1
69433	540	1
73289	270	1
40576	180	3
40576	200	11
39835	430	1
40784	240	7
39561	330	8
39562	200	1
39562	240	3
61497	220	2
69844	180	2
68313	70	1
71013	65	1
47207	500	1
69174	1500	2
69174	1500	1
72848	70	2
38187	140	2
70212	120	3
70212	120	1
60648	120	1
60010	120	1
55774	100	2
65907	300	1
73290	2300	5
66042	58300	1
64378	47740	5
48769	150	1
28368	270	5
28368	270	1
67667	170	1
70215	180	2
67822	280	1
70011	480	1
70011	480	1
70011	480	1
71267	431	3
71267	437	5
62125	890	4
61602	1696	1
56976	6200	1
54313	2400	1
28379	2000	1
28380	4850	1
57256	6100	1
35095	220	1
60419	278	1
36281	600	1
37833	470	1
52833	300	1
70580	541	1
70581	682	1
36963	150	2
48504	95	2
28387	1060	1
37322	2500	1.0E-6
37322	2650	1
69997	3981	1
70561	3918	1
70187	11313	1
55925	3531	1
71605	3485	1
68961	11678	1
51282	1327	1
65789	10834	1
70913	900	2
72010	710	2
71144	1450	1
60845	700	1
62654	82	15
70775	166	1
70775	174	6
71852	167	5
71852	167	5
58697	1480	1
72917	191	10
72917	191	1
72916	188	17
62079	9856	3
51134	196075	1
62030	820	1
72022	50	1
51865	1400	1
28400	1600	1
69978	1200	1
72167	1050	1
72240	260	1
72241	300	1
48762	90	1
70786	90	1
72097	550	1
72738	130	2
72739	130	2
55252	200	1
65566	4620	2
31525	70	4
31034	160	2
65826	84700	1
43895	2900	1
30426	830	1
30426	830	1
30426	970	1
31405	54	5
56576	84	1
30834	51233	1
63485	52360	1
69655	525000	1
31355	650	1
66974	690	2
64156	400	1
50047	280	1
72361	600	1
69916	126	1
69916	167	1
70060	1067	1
72416	640	1
47080	408	2
72657	436	2
72657	437	1
73257	309	2
73257	315	1
39855	520	2
70008	530	3
55564	580	2
55564	580	2
65631	780	1
33021	250	1
67047	500	1
70776	380	1
70776	400	1
57999	650	2
73176	420	2
73144	300	2
32548	650	2
33354	540	2
33355	550	2
33356	560	1
72839	320	1
51823	260	1
70049	1500	1
34271	1000	1
72237	850	2
70122	450	1
67087	420	1
65884	140	1
72682	95	3
30409	390	2
64948	1150	1
58769	1660	1
38531	1240	1
28429	570	2
62652	830	2
64155	2400	1
39865	1900	1
43257	1100	1
55656	3450	1
55656	3450	1
55656	3700	1
38342	300	2
71273	720	1
72162	430	2
72162	430	1
73333	360	2
72778	450	1
59695	180	1
59695	180	1
68398	510	1
52209	670	1
28442	290	3
71509	250	1
71509	250	1
73171	420	2
72173	390	1
73187	342	2
62052	140	2
66307	340	2
70300	270	1
70300	310	10
64189	180	4
46649	147	4
28450	160	10
28450	160	5
65066	45	8
66171	24640	3
59187	670	6
72231	168	5
54423	950	1
34480	70	12
34480	70	6
28460	170	2
71965	1160	1
72256	1500	1
72256	1500	1
72161	1600	1
42256	159	1
37615	60	18
62082	65	2
34005	100	4
35178	110	3
60773	170	2
73300	20	19
66687	160	9
66959	380	1
58854	230	1
59466	130	8
63717	50	20
63717	50	4
61214	190	8
61215	180	2
42976	160	1
67413	320	1
73142	2050	1
48192	330	1
65846	300	1
52658	320	1
37407	830	1
52843	320	1
52193	300	2
65847	300	2
72363	630	3
38183	1700	1
70062	860	1
72063	370	1
39332	150	1
41922	230	3
28481	600	1
73059	280	2
72854	1190	1
65746	929	1
64335	1150	1
64335	1150	1
54642	220	2
70692	240	5
28484	760	1
51874	1700	1
63294	2230	1
60907	900	1
67029	350	1
72055	490	2
73119	460	1
30556	457	1
32410	148	1
46463	146	2
46463	148	2
46996	226	3
44264	322	2
60202	550	3
71327	500	9
71327	500	4
66539	150	1
65010	5698	2
72485	700	1
72486	800	1
62195	650	1
28496	1000	1
71857	1300	1
28497	180	3
28497	180	1
28498	280	2
60169	1200	2
60169	1200	1
66961	1100	1
69116	760	1
68486	930	1
66876	570	1
68191	390	1
28501	1300	1
28501	1300	1
69700	2900	1
63145	1250	1
58713	1146	3
60905	1460	2
45442	980	1
45442	980	1
67891	620	2
60685	80	5
35268	400	2
53148	130	2
67869	210	2
28508	1160	1
33898	1700	1
35058	1060	2
48975	250	1
69238	480	1
69238	480	1
70612	650	1
69221	770	1
72640	300	1
71968	888	1
64828	228	1
64451	513	2
32339	200	1
71477	3700	1
71478	3200	1
72984	3500	1
30709	1400	1
62655	644	1
62691	463	2
70722	1050	1
72482	590	1
72482	590	1
63038	215	1
63161	240	1
56966	179	1
72157	116	3
73088	217	1
73121	494	2
72946	285	1
72447	317	1
64200	1060	1
62379	1700	1
37039	1120	1
37009	980	1
54389	3700	1
36909	65	5
36909	65	2
66439	84	10
66585	87	4
72236	88	18
36932	100	2
72795	153	8
72795	154	1
72850	1550	1
28540	850	2
36359	67	3
68528	650	1
68268	500	3
68268	500	1
70872	840	1
68269	224	1
68270	429	2
67854	119	2
72356	380	2
72356	380	1
58201	550	1
68593	670	3
55121	570	1
55121	570	1
28552	1950	1
71281	4200	1
46539	60	1
66576	100	1
45460	280	6
64887	450	2
64615	1500	1
71420	1050	1
71490	970	1
42678	260	1
70398	206	1
65072	84	300
45947	70	1
60277	12012	5
36025	130	5
72982	150	1
71447	650	0.333334
71756	250	2
71755	250	2
71754	250	2
71757	250	1
31385	106	7
71063	28900	1
72102	742	8
32868	684	2
32868	684	1
31037	650	2
69371	640	8
69371	640	1
53457	1030	3
64980	1300	2
64980	1300	1
69822	62678	1
31108	1430	4
69535	924000	1
55015	182	2
31853	1123	1
58204	173085	1
71316	118580	1
68194	329560	1
49709	308	1
64502	46200	1
49150	100	7
67939	39485	1
67940	64197	1
67941	41800	1
67938	21620	1
73152	130	2
36605	650	1
49720	1700	1
66966	750	1
73115	1300	1
73115	1400	1
28563	500	1
28563	530	2
68560	2200	2
73316	900	1
71426	960	1
62740	2200	1
67959	950	3
69719	1370	2
60692	600	1
71724	1030	1
71724	1030	1
68473	1050	2
63030	1500	1
28568	500	1
71615	2700	2
60710	1600	1
60710	1710	1
73248	102	1
72941	80	6
63467	35	1
72507	600	1
65154	210	1
56164	1820	1
37334	1800	2
65705	300	2
70728	850	1
72869	940	1
55978	400	3
72720	1000	2
28577	1100	2
67921	750	2
67921	760	1
73046	1300	1
42840	1050	1
59544	380	1
54284	500	1
54284	600	1
73194	390	1
73245	500	1
67582	280	2
67582	280	2
72313	286	1
72313	294	2
37296	533	4
37296	533	1
56980	1100	1
73130	344	2
71769	500	1
68844	100	1
50242	150	1
70364	300	1
70364	450	3
70364	450	2
70364	450	2
70364	450	1
68195	150	1
72282	130	3
44770	220	4
67899	250	5
41690	90	6
69078	1230	1
43800	45	5
70571	30	2
71182	35	40
71182	35	11
69265	90	2
47784	80	1
60168	150	2
72690	200	2
37745	600	1
62431	260	1
45652	140	3
48917	70	6
68567	100	1
73033	80	1
59488	40	2
72675	220	1
73255	170	1
43474	90	1
73301	250	1
28601	950	1
28601	980	1
65081	380	1
73116	100	6
68910	80	1
72477	120	2
71879	100	1
39259	350	1
67373	80	1
61634	190	1
73214	100	2
65696	200	1
69034	100	2
69035	100	1
69036	100	1
50332	150	4
73113	150	1
47194	170	2
54545	100	4
71193	520	1
72637	450	1
71195	700	1
62063	2000	1
62063	2150	1
30570	1700	1
28632	1100	3
38239	160	3
60971	850	1
42897	1300	14
42897	1300	1
62381	950	1
71473	500	1
40134	350	2
61590	642	1
43704	373	3
54391	594	1
54391	602	5
62183	982	2
34585	519	1
64278	190	1
62596	200	1
32998	560	1
28644	289	2
52844	844	2
65541	207	1
71271	463	1
65827	1250	3
63918	430	3
70344	500	1
73246	500	1
73231	730	2
32988	538	2
38949	70	4
44428	150	1
73165	330	1
70061	360	1
69491	270	2
72589	200	2
73337	450	2
73337	450	1
72064	900	2
72225	626	1
63314	149	14
61804	100	10
64981	120	1
68166	45	1
34819	45	40
64286	990	1
48097	1050	1
72412	290	10
71959	1060	1
72105	3200	1
49884	646	1
73051	722	3
72539	500	2
67694	580	2
67694	580	1
73247	2100	1
68733	250	1
73027	930	2
61458	170	8
70918	170	4
70918	170	3
69204	190	1
69204	195	5
56644	190	2
59130	190	3
59130	190	1
62541	1137	2
73034	74	1
71976	96	1
70261	144	1
71648	162	2
71648	162	2
54708	1022	2
50162	1155	1
50162	1255	2
52372	1416	2
62915	1564	3
62915	1693	3
62710	732	34
73106	312	1
68705	350	1
67571	350	1
67571	490	1
72710	127	5
72594	49	5
72594	54	1
57541	200	2
67457	280	2
72360	98	2
72487	166	2
58701	194	4
58701	196	1
65384	929	3
72174	82	10
72174	84	1
54766	530	2
54766	530	1
51986	2400	1
63323	1400	1
73138	910	5
46048	1300	1
72383	1120	1
66896	750	1
66896	750	1
66183	6156	4
66182	3249	3
72845	2625	6
65460	1300	1
72588	1550	1
36164	260	1
69795	460	2
49402	698	1
70146	450	1
61594	630	1
45437	300	1
72740	2347	1
59136	601	1
69792	982	2
71499	1818	1
69053	1750	2
68901	770	3
70569	50	3
73263	1300	1
67540	3000	1
55675	2000	1
38121	1700	3
62795	830	2
69334	1030	2
69334	1030	1
47996	4294	1
47996	4406	6
70737	361	4
70738	583	4
58212	234	1
54617	1190	1
28695	2200	1
28696	690	2
28698	1050	1
28698	1200	1
65273	2200	1
28704	1579	1
69852	3075	1
71025	891	2
57391	1100	1
64120	350	1
71550	300	1
67294	500	1
73057	470	1
72266	500	1
67535	500	1
56121	470	7
53851	1900	1
33501	500	2
62982	460	1
71827	710	3
71827	710	2
68119	480	1
33500	315	1
28707	1030	1
28707	1030	1
71552	970	1
70841	1400	1
71241	1000	1
71241	1100	1
72766	920	1
64585	580	1
42464	150	1
59069	150	1
65160	280	1
33140	170	1
73307	150	1
65896	463	1
65896	475	1
73256	284	5
46098	273	2
48877	177	9
48877	193	4
67481	4068	1
69469	330	1
68697	850	2
56541	620	2
56541	620	1
71546	1170	1
62998	83	2
72783	94	1
72783	131	2
69398	1650	1
71871	450	1
32897	870	1
73291	1190	1
72807	930	1
66447	2070	1
69039	860	1
28717	980	3
28717	980	2
28717	980	1
32209	120	2
71902	130	1
72106	90	2
69137	370	1
71710	390	1
71792	70	1
58287	570	1
69835	980	2
54503	1600	1
54658	1900	1
50252	200	1
47364	70	1
58433	20	32
69995	60	11
67343	550	2
54095	55	1
54095	60	20
65489	900	2
72065	2500	1
65329	2340	1
65329	2400	1
47490	530	2
66075	30	7
36934	25	5
36934	40	1
35110	280	4
52862	1230	1
36589	600	1
36590	600	1
34654	630	1
30455	700	1
28754	150	2
28759	100	1
73117	55	8
72623	100	5
51206	450	3
72713	2970	1
64574	123200	1
39515	240	5
35634	130	18
35160	80	1
55602	3500	1
55603	5400	1
37106	97405	1
31416	300	1
31416	310	2
31418	290	1
56799	990	1
64582	292600	1
30890	250	2
31746	45	1
30914	1100	1
62078	990	3
62078	1000	1
31944	540	3
43255	847000	1
72571	240	2
69682	200	1
72572	240	1
73249	240	22
63484	215600	1
54955	250	2
45583	65	2
28763	750	1
28764	670	2
28764	670	1
72130	880	1
47718	360	3
30416	340	1
28766	350	1
28766	370	2
42234	500	4
42183	460	1
46654	380	1
41686	440	2
73099	930	2
73099	950	2
73052	1450	1
30326	390	4
28773	380	3
28773	380	2
71019	860	1
28777	450	2
28778	500	2
36631	220	2
64135	280	1
62677	280	1
37611	500	1
65419	1420	1
71562	380	1
64272	330	2
64441	530	2
55208	1199	1
44841	330	1
64270	330	4
28782	300	4
58032	1060	4
58032	1141	1
55898	50	7
28783	40	4
28784	530	1
59778	620	1
43968	160	5
67744	336	2
68882	730	2
72934	243	2
72935	477	1
45422	590	1
54000	167	3
54000	167	1
52326	96	49
70164	1926	0.6
53306	162	10
72708	111	4
62950	229	4
68450	154	9
38067	59	1
71408	106	2
71408	134	1
70817	271	1
70817	283	1
72818	2482	4.0E-6
73131	182	3
73262	230	1
62039	95	2
62039	100	9
60436	95	12
60436	95	2
32342	95	10
32343	90	1
32345	90	2
32345	95	2
32345	95	1
55182	95	11
28799	820	1
67166	40	32
69022	820	1
73197	490	1
70751	1500	1
59025	140	2
71101	500	1
62203	750	1
62203	790	3
68803	320	3
56847	1450	2
65927	800	2
65927	800	1
38702	1300	1
63744	70	2
62472	170	1
63740	150	1
59135	150	2
59732	150	3
70621	240	1
70072	130	3
70072	150	1
69366	130	3
71510	130	3
64662	90	2
55437	130	1
55437	150	3
28805	670	1
28805	690	2
42787	860	1
28806	5600	1
28808	3850	1
49285	660	1
59091	700	2
59656	1640	1
68824	1400	2
72680	400	2
43664	537	5
39759	2000	1
39759	2200	2
39759	2200	1
72558	271	5
72558	271	1
72558	272	1
72558	272	1
73023	530	1
57980	250	3
71860	354	2
34454	300	3
50312	1250	1
65184	530	4
46402	100	1
60586	1500	2
54424	1800	1
71672	500	1
47776	930	2
47776	930	1
72066	360	1
72610	520	1
71694	550	1
52251	470	1
73233	7300	1
56044	340	1
56044	380	1
28823	880	1
56737	630	1
55906	500	1
55906	630	1
70211	338	2
70211	338	2
64271	700	3
67325	250	5
67325	580	1
67206	960	1
67360	199	1
69462	250	5
69462	250	1
51061	370	4
68121	400	3
28832	370	3
61827	410	1
33638	370	1
36721	330	2
60636	1400	1
55782	600	1
72297	1150	1
72297	1150	1
33320	1200	2
60870	1100	2
70634	1060	1
73273	1160	4
71153	1200	1
69828	1300	3
70617	2300	1
70267	2300	1
70267	2400	3
69168	1050	1
70578	1220	1
68916	900	1
68916	900	1
68916	1080	1
36133	1300	2
46087	2220	1
46087	2220	1
55998	2250	1
49381	400	1
46797	80	4
46797	80	1
55727	150	1
56595	100	1
73254	110	2
71888	950	1
72561	560	3
72561	620	4
72938	1600	1
70066	570	4
73074	250	3
73304	200	12
64671	230	1
50935	2498	1
68509	778	2
71511	820	2
55141	420	1
49346	670	1
69267	149	2
37646	250	1
28861	102	1
33481	96	4
66045	660	1
66044	800	1
32584	71	1
32584	73	5
32584	73	3
47686	200	1
28865	187	2
47067	42	1
72576	103	3
30378	163	1
28867	750	1
70942	847	2
69400	479	1
63475	750	1
68690	1100	1
72532	1100	1
72626	153	3
64890	170	1
69361	347	5
64960	650	1
61671	960	1
71289	1100	1
57250	350	2
68480	2000	1
70104	134	1
42099	250	2
62934	1500	2
62934	1500	1
67697	550	1
68217	840	2
68217	840	1
51009	189	1
68629	1752	0.357142
44945	160	2
44945	160	1
43230	420	1
65779	750	1
65779	750	1
65779	820	1
72274	650	2
67298	1250	2
67298	1250	1
62387	1180	6
62281	990	2
40803	850	2
51098	790	2
28894	450	3
28895	580	2
68183	390	1
68183	392	2
55542	490	1
28898	800	1
28898	880	1
71987	173	2
71988	172	4
71988	172	1
44794	2900	1
45151	730	1
61944	224	4
61944	227	1
61416	223	2
61880	120	5
48896	50	3
66543	164	3
69100	860	1
69100	900	3
63640	202	2
64139	203	1
73250	160	5
69419	120	1
69420	240	1
69918	240	1
69814	100	1
70597	240	2
64527	19373	5
64528	38962	5
39369	146	5
46198	320	2
48376	320	1
48376	324	4
43577	122	6
47866	480	3
30307	117	10
30307	119	5
64452	219	10
46071	321	6
49635	353	2
46126	151	15
46126	152	21
45155	247	2
43727	238	6
54736	239	3
28936	400	4
30310	1500	2
55266	1900	4
72830	217	3
72830	220	1
65822	950	2
28949	400	3
28949	400	2
30917	70	10
33903	340	1
33903	370	1
31323	1700	2
31497	250	4
31497	250	3
31492	380	1
70815	197999	2
31041	220	1
61339	7000	2
61583	1120	20
61583	11200	2
34734	29	5
34734	31	1
61170	5236	2
43978	1200	1
31030	820	1
45262	330	1
68689	200	2
67018	120	3
67018	120	1
73198	250	2
61273	1990	1
30630	2300	1
63816	1160	1
45700	130	2
70283	650	1
37849	140	3
60774	100	1
45682	59634	1
52659	450	1
37813	600	1
65051	580	2
70714	6181	1
70397	2187	6
70763	400	4
73000	370	1
64917	400	2
32576	1080	1
28953	2160	1
71413	821	1
71196	460	1
71196	550	3
49494	1300	1
65840	610	1
57051	410	1
68743	1200	1
28948	1200	2
64377	414	1
60025	336	1
52021	240	7
73060	530	1
35491	420	4
70811	200	1
59149	200	1
71485	200	1
63593	230	1
63593	230	1
68074	200	1
59151	200	1
59663	280	2
28961	490	1
68396	750	1
57187	730	5
50778	790	1
67344	3100	2
60373	520	1
65435	800	2
65435	800	1
72636	28101	3
56679	950	1
66197	86	2
65421	246	10
65421	246	6
49329	96	1
70948	115	3
72314	143	2
73235	122	10
73235	124	3
54701	2468	1
59708	822	2
72959	2805	1
60474	901	2
37783	500	1
37958	470	2
65870	1700	6
65870	1771	2
70354	1033	10
70355	4638	6
69319	6200	2
28975	980	1
73039	500	2
73328	700	1
69576	1820	1
67606	1100	1
30551	460	2
69322	160	2
72238	24000	1
68117	500	2
68117	500	1
68117	500	1
68117	550	1
66327	780	1
63910	200	1
72327	2000	1
72325	3300	1
45499	3250	2
45498	3250	2
63525	395	1
53629	1200	1
53629	1700	1
68390	130	2
32463	150	1
45189	160	3
45189	160	1
37438	160	3
33784	150	5
68813	170	3
73166	812	7
68825	8000	4
68825	8000	2
68825	8000	1
41633	800	1
42825	501	1
28993	740	3
54811	195	10
54667	242	1
65990	780	1
68380	420	2
46119	500	2
55814	197	1
28997	193	28
28998	238	13
63252	940	1
66853	2250	1
48484	130	3
51113	130	3
69724	1080	1
69743	520	1
69743	600	1
69743	600	1
71803	1000	1
60146	255	1
60146	256	2
30501	490	4
54166	650	1
65058	900	1
59598	190	1
33001	90	1
33001	95	2
49821	300	9655
49821	500	1575
49821	500	919
39824	500	238
39824	500	8
70672	2000	5
71154	1000	7
37177	1400	1
31102	1500	1
55198	120	2
31555	200	1
50035	28	16
50035	29	60
68113	107800	1
68115	30800	1
68114	58520	1
65074	23100	10
64581	6930	1
31579	260	1
49712	280	1
49712	320	2
31580	300	4
59650	170742	2
64523	184164	1
30831	100	5
30767	1650	1
30767	1650	1
71600	15246	2
71844	12320	1
64846	169400	1
64845	372680	1
72929	300	1
70089	39732	1
34904	250	2
49588	100	1
49588	100	1
65012	3360	2
72527	86240	1
63256	59500	2
57816	154000	1
71712	206	3
30898	34	3
31148	280	1
63400	2310	5
30826	1900	1
43774	635	1
36698	350	1
30960	1900	2
49587	2600	1
30875	1150	1
71448	900	2
71448	900	0.333334
71758	390	1
29005	40	1
66815	220	4
66277	7158	2
49981	2614	1
49981	2927	1
49982	6970	1
49980	1069	1
29008	1397	1
54316	1170	1
54965	230	2
37508	490	1
70945	562	2
70945	566	1
70618	281	3
66911	710	2
73202	103	4
62483	82	6
72493	1400	3
73297	190	4
73298	320	2
30606	940	3
65156	900	1
29026	2300	1
67322	860	1
61327	1150	1
60958	360	1
71369	350	20
63329	890	1
65123	1250	1
62421	1500	2
55097	120	1
61805	110	2
70917	40	2
70939	1050	1
72851	103	1
70702	5900	1
69428	3200	1
55243	200	1
68984	270	1
65388	290	1
72811	326	1
72414	342	1
64302	6230	3
53539	590	1
72473	150	4
72473	150	1
72474	150	2
68127	140	1
72475	140	4
72476	140	4
35352	95	5
35352	95	2
35352	95	1
66129	140	3
72121	850	1
67503	900	1
65897	250	4
65897	250	1
67033	1200	1
68553	243	2
61711	120	8
61711	120	1
59581	900	2
57857	420	6
71809	380	1
67929	132000	2
34693	515	1
60603	61	2
61917	500	2
66782	170	8
73282	320	5
50731	530	1
73321	4541	1
29049	290	1
45030	170	2
45030	170	1
35893	900	1
62162	670	1
71042	20	8
72975	25	11
72975	25	3
69351	20	40
62835	271	3
72879	234	1
71409	327	1
70661	319	1
70898	666	1
71421	324	1
71421	347	1
29053	1400	1
29053	1550	1
69654	870	2
48072	460	2
66787	70	5
29057	40	1
72566	340	1
72519	290	1
72415	500	2
72367	110	5
70383	120	1
71362	450	1
70936	530	1
71200	690	1
37224	1700	1
45166	1950	1
66432	1350	1
40308	3100	1
72154	75	2
72175	10	250
73253	1500	1
71703	15	4
71703	20	3
72715	500	1
72715	500	1
73229	160	1
73230	160	1
72733	400	3
68709	1000	1
72741	600	1
72742	700	0.64
64385	12	1
64385	500	0.32
72042	10	15
72042	20	26
72048	40	1
72049	40	40
65699	40	3
50734	200392	2
61977	5000	1
46738	3200	1
73153	80	3
72111	180	1
72759	690	1
62815	370	1
62815	390	2
72349	510	1
60782	150	2
68696	500	2
49115	2400	1
65050	700	2
44124	100	2
65249	380	2
66821	16	5
67679	50	20
68698	45	7
29086	20	42
35859	220	1
41245	350	3
41245	350	1
72267	20	4
72267	20	1
62188	60	2
54449	104	2
71294	170	1
71294	174	2
58280	78	6
35753	60	4
35753	80	1
58186	227	2
58186	227	1
46965	3162	1
71828	893	1
65977	636	1
70905	569	2
70223	3000	10
70223	3000	5
68614	180	1
68614	200	1
66400	420	5
69523	17	3
72732	180	1
61135	100	1
69484	190	1
69484	230	6
69484	230	1
67074	550	4
72550	300	3
67265	550	1
67265	560	1
72887	128	2
69310	320	1
69311	270	2
64455	25	64
69095	2350	1
72255	3200	1
62248	146	4
72272	287	2
32268	1300	1
63724	930	1
40792	200	10
60130	180	3
60354	45	1
60354	55	2
60354	60	22
60354	60	20
60354	60	8
49555	160	1
66296	40	11
69635	630	1
69635	680	1
67111	2500	0.04
73280	30	50
69636	220	5
69637	220	5
69637	250	4
67079	60	1
73264	1400	1
71643	120	10
72029	3700	1
65211	1200	1
64785	1000	5
64786	760	2
64786	850	2
72302	770	1
37365	95	4
33983	160	2
50986	110	2
42306	80	1
57069	100	8
71261	950	1
57308	550	1
71009	870	3
34309	800	2
29144	1300	1
50439	1265	20
69481	240	1
72983	1200	1
29148	1397	1
70630	1010	1
44845	960	1
50791	620	1
50791	690	6
36921	930	1
61078	450	2
42268	840	1
73330	230	5
41350	616	1
37366	100	1
47168	150	1
62192	230	1
29159	450	1
61463	50	1
59216	990	1
29161	710	1
29162	1050	1
66655	950	1
71565	1250	1
71565	1250	1
29163	150	2
55224	140	2
41584	440	2
68464	1800	1
34815	1982	1
72375	31	2
70113	229	6
67735	2300	2
55461	1300	1
39028	70	7
39028	70	4
39028	70	2
32733	250	3
33286	1100	2
33286	1100	1
48676	250	2
48676	300	1
67944	300	1
44064	300	1
33005	15	5
60557	170	6
60557	170	1
72226	1000	2
72226	1000	1
66668	280	3
66668	280	3
29189	320	2
29192	550	1
29193	320	1
29194	300	2
65774	350	1
72403	390	1
73331	300	1
48312	280	1
65603	240	1
73338	300	1
51820	370	2
72398	470	1
72755	450	1
72755	550	1
62577	370	2
71554	350	5
71151	1200	1
71151	1200	1
65140	1200	2
65140	1300	1
65155	960	2
64851	446	8
55076	455	3
70231	1070	1
69832	980	1
70294	260	1
66122	130	4
69996	727	1
68519	800	1
67045	3000	1
50808	20295	1
64099	160	4
29242	240	1
51028	180	12
64379	220	6
66041	250	2
66041	310	2
67224	420	1
67225	300	2
67930	200	2
57572	890	2
29262	880	1
29262	900	1
36142	920	2
36142	920	1
54695	620	2
73325	130	17
72404	900	4
72790	583	1
35039	650	1
35039	700	1
30692	1250	1
32949	566	2
39962	450	1
29269	200	1
66260	70	2
66260	75	7
29271	350	2
29271	350	1
61673	1100	1
30719	1900	1
41993	1500	1
72836	10	91
72819	180	5
61258	150	2
35907	470	2
38367	400	1
38368	500	1
62442	1105	1
68829	1098	1
68096	423	1
47297	1670	1
47297	1670	1
51632	550	1
29291	838	2
29292	1117	2
67053	1600	1
68357	360	2
73101	50	20
34497	150	2
37966	100	3
72556	70	1
72497	70	5
32062	670	2
69796	18480	1
59090	46200	1
31218	45	2
35188	16912	2
64578	1540	2
69519	60060	1
32049	520	1
40727	504	1
39820	11593	2
31932	750	1
49952	2700	1
34172	2300	1
33031	21	23
71986	361900	1
32608	700	1
70802	900	1
71920	450	1
71916	640	1
71916	660	3
63125	350	2
63125	350	1
40955	890	2
72071	646	2
46724	780	1
73242	400	4
63931	450	1
57380	126	2
57380	134	1
71728	4800	1
71726	4300	1
67170	210	1
59079	80	1
59079	80	1
70176	80	3
29311	140	1
64561	1070	2
64336	1098	0.2
36640	225	1
36640	307	1
52461	902	1
37730	1208	1
37730	1332	1
37730	1333	2
54355	617	1
54355	627	1
71603	1100	2
64157	990	1
64044	1980	1
67607	590	1
67607	590	1
68243	950	1
67301	230	2
72904	73	4
73284	911	4
72004	1500	1
71999	1350	1
71999	1560	1
71999	1560	1
29316	280	2
68323	796	1
59467	850	1
62117	1200	1
71222	1700	1
71484	280	1
70138	1900	1
70138	1900	1
58425	450	1
66646	250	1
45102	1140	1
38518	1300	1
38518	1450	1
38518	1600	1
49567	1100	1
61839	2265	1
70284	940	1
70284	950	1
61483	1100	1
72381	1200	1
56371	1000	1
61555	1200	1
71718	800	1
71718	800	1
71719	700	1
66641	660	1
44964	960	1
68335	2280	1
63090	950	1
71859	1500	1
42479	504	3
42479	504	1
69112	1300	1
72075	940	1
45060	460	6
45060	460	2
46263	530	2
72953	670	1
71166	790	1
55592	670	1
72767	1150	1
71181	1200	2
71181	1240	2
72774	680	1
72774	730	1
68228	450	2
68228	450	2
67659	1400	1
67659	1400	1
53194	15778	2
72479	90	1
48264	120	1
63395	520	1
59747	520	1
59748	690	2
59748	690	1
72780	1300	1
67998	370	2
29346	7500	3
49403	640	1
71656	55	13
70538	1050	1
72072	390	1
71679	380	1
71979	1780	1
61826	100	2
72186	200	4
72186	200	1
30684	150	2
71300	1393	1
72395	1679	1
73182	974	3
73183	1261	1
70932	700	1
72773	160	4
72773	160	2
73309	645	1
70721	340	5
70721	350	1
36753	380	1
61724	270	1
71163	270	4
71163	270	1
67035	350	5
72878	109	11
73122	146	3
65936	133	11
29362	530	5
73324	180	1
29371	411	2
29371	411	2
56546	128700	1
29372	5300	1
69286	1450	1
69287	2200	1
33740	2500	1
41593	100	2
71830	520	1
46106	130	3
72508	600	1
70025	370	3
70025	370	1
63147	680	2
71967	1300	1
72918	290	4
71412	1800	1
65972	1800	2
72684	4200	1
72088	2350	2
39984	500	3
69115	450	1
39876	360	2
43998	370	1
41097	250	1
70657	960	1
70658	1050	1
70667	800	1
70651	1300	1
70651	1330	1
70665	950	1
67563	950	1
71351	3100	1
66440	740	1
66698	1450	1
65497	300	1
68793	750	1
34995	140	10
34995	140	1
55611	140	17
68097	2100	1
32741	75	6
32741	75	1
69609	5300	1
48943	4500	1
54994	490	2
69928	350	1
42669	150	4
31526	100	3
29453	774	2
36091	2800	10
41278	1300	2
34403	79654	1
31078	1300	1
31917	2150	2
31016	226	1
39955	71769	2
71894	234080	1
71227	24640	1
71444	200	1
30943	130	4
41318	380	2
65515	1600	1
60914	77000	1
70870	298760	1
70871	397320	1
31364	990	1
31022	180	2
31021	180	1
31290	680	1
72696	100	2
31190	620	2
31189	600	1
44387	600	1
71331	700	1
71449	1200	1
71452	1200	1
72262	110	2
72262	110	1
72441	18700	1
31825	50	3
36004	400	20
68442	26400	1
71601	2926	2
73047	380	1
61889	20240	2
56981	120	1
66945	40927	2
66946	84700	1
62500	640	1
71566	40	3
63334	17	15
63334	18	1
72446	50	1
69386	190	2
42557	1517	1
42557	1583	1
35553	50	2
57535	50	14
59386	10	73
57442	70	2
67386	10	50
44484	35	23
72656	40	1
55047	65	19
66338	70	19
72884	2	100
64696	2	10
73008	60	13
50893	480	1
48898	280	2
48898	380	2
63773	45	2
68687	350	6
65660	15	1
65660	20	9
66390	120	3
46726	75	8
63812	40	1
29417	40	2
57608	90	1
68594	45	10
70074	70	1
70911	35	5
71639	60	1
71802	30	4
56891	212	1
40545	231	4
40545	231	2
72880	188	4
29425	320	1
61705	250	3
32664	150	7
34022	150	5
34022	150	1
30635	150	1
61514	170	3
29429	230	4
47566	260	3
47566	260	1
47566	260	1
29430	340	3
64164	860	1
29435	220	5
29438	200	1
29440	170	1
33876	180	2
33876	180	1
41390	180	1
41390	190	4
33731	180	2
32649	270	2
38903	600	2
38654	350	2
66928	800	1
65862	1280	1
73310	7000	2
55122	1950	1
55122	1950	1
49164	2800	1
34845	320	1
65538	750	1
72826	1050	1
71577	1100	2
71961	3926	2
29459	2035	1
73085	489	2
73322	5800	1
73323	11300	1
54671	699	1
47743	712	0.12
42358	1000	1
65978	1000	1
70816	1000	1
64230	970	2
52416	570	1
45659	140	4
45659	140	2
72104	90	4
63684	750	2
69170	630	4
60369	160	1
66047	160	1
44184	607	3
64228	1280	1
67586	2200	1
70108	3500	2
69585	538	1
50908	200	1
50478	200	1
49232	250	1
60290	200	1
40990	200	1
45141	250	1
72643	220	1
67445	124905	1
48608	1750	2
72417	440	2
53556	450	1
71609	550	3
73203	720	1
67623	1500	1
67623	1650	1
65270	600	2
65270	600	1
70317	3800	1
72510	250	2
36967	1600	1
56518	2177	1
39897	1131	1
32328	2108	1
64930	2230	1
71900	240	1
69581	370	1
71901	64689	1
71231	1350	1
73072	80	1
52150	130	10
52150	130	1
68205	1580	1
71506	1800	1
70744	2500	1
58167	5800	1
58167	5800	1
58167	5800	1
34455	650	1
29482	810	3
65863	100	5
72939	960	1
29485	990	4
45660	900	2
65630	950	1
72601	1160	2
65234	770	1
73224	890	1
68306	250	1
69617	220	1
30582	250	2
56692	215	4
56692	221	1
70052	129	4
70052	132	1
70974	568	1
70974	633	1
70975	353	1
70976	508	1
64250	355	2
66903	178	4
42675	400	1
50179	160	1
50179	170	2
72283	160	1
72340	160	2
73174	1000	2
37020	960	1
37020	1050	1
37020	1100	1
29498	600	2
49908	590	2
50543	1150	1
71838	990	1
58686	1100	1
33621	30	1
61830	25	33
61119	6500	1
62143	3950	1
57093	1200	1
71664	1200	1
53139	470	1
71522	450	1
65310	50	2
69946	500	1
49849	450	2
69788	760	1
67151	200	1
63123	271	1
66472	650	4
62357	265	1
62357	272	5
62357	280	2
66445	60	5
33102	140	4
59405	138	1
59405	141	48
67365	360	2
72692	61986	2
72666	61986	1
59661	2850	5
73127	3200	1
73128	2900	1
32253	1400	1
61698	2200	1
40342	1100	1
40342	1400	1
61109	1800	1
64791	2000	1
59819	1500	1
67353	2000	1
71258	2400	1
69560	312	1
33984	70	2
71608	350	3
68939	510	3
68939	510	1
68064	100	1
71904	130	1
61437	150	1
47562	150	1
59734	170	2
60424	160	2
32213	70	3
36824	350	1
29523	336	1
71829	600	1
32648	790	2
72005	900	1
70328	106	12
70328	106	12
71743	152	25
43198	3900	1
33607	170	1
71156	70	1
71107	65	1
71467	850	4
49270	756	1
71036	80	1
72362	180	1
46609	200	1
65106	240	1
71825	230	1
29537	300	2
68383	370	8
48587	370	1
29539	600	1
69686	630	1
29540	250	2
72957	270	2
57819	1350	1
62241	5900	1
61850	3171	1
44187	2255	1
40714	420	1
70604	300	3
35801	380	2
71623	260	1
71168	180	7
71168	180	2
59174	140	2
59175	170	3
68739	70	1
55056	100	1
51331	200	1
41473	200	2
53743	300	1
33328	20	75
72652	600	3
72155	121	2
72827	90	2
71275	920	1
44664	570	2
44664	570	1
72585	370	1
35989	267	2
35989	267	1
68858	450	1
68789	900	1
47104	500	2
68240	330	1
70598	330	1
48443	1100	1
48443	1300	1
47052	1000	1
71627	1900	1
66191	246400	2
70224	930	2
51442	900	2
51442	900	2
62790	1400	1
70399	530	2
32789	650	2
36132	440	1
71662	550	3
42762	380	1
42762	480	1
67338	200	1
57170	1100	1
58285	2200	2
55445	580	3
29574	400	8
50170	720	6
50170	720	4
60912	650	4
60912	650	1
29579	580	8
43009	380	10
29580	390	1
29580	450	7
51845	630	1
49499	630	2
67320	1200	2
67320	1200	1
69610	1100	4
65321	70	1
62800	25	1
69370	120	3
71121	20	9
72683	70	4
38238	150	1
73314	650	1
56207	540	1
65578	120	1
58096	120	4
52309	790	1
64348	2536	1
56343	450	1
67933	670	1
69595	1050	1
68190	3089	2
45505	180	3
66359	80	3
70907	440	1
73216	300	2
70092	433	2
70092	433	1
50786	90	2
66123	76	10
60947	230	1
66683	460	2
29603	437	4
68098	635	1
68703	760	3
48858	270	2
42433	400	2
42433	400	1
69767	990	1
61732	1355	1
61755	550	2
51066	870	2
53374	160	3
53374	175	1
58345	630	1
49519	2900	1
49519	2900	1
61835	1100	1
61835	1300	1
61644	1980	2
63778	850	1
63778	860	1
69851	130	2
73045	240	2
70349	1900	1
70343	2750	1
70343	2800	1
73140	2100	1
68002	960	2
68253	980	1
68253	1200	1
45908	1000	1
71633	1250	4
61843	284	4
61843	314	1
29613	176	2
29614	157	9
35373	400	2
51443	460	2
70683	400	2
46109	270	2
36304	164780	1
64169	144760	1
70890	24640	1
73286	26000	1
73285	7500	1
49594	2444	2
31856	304	3
72528	154000	1
44167	70840	2
31757	340	1
36814	647	7
72116	380	3
73030	400	5
49680	230	1
67917	190000	1
66621	7700	1
65033	1694	10
63691	17710	3
31276	955	2
63708	86240	1
63710	40040	1
65032	44660	1
72931	138	1
65031	50820	2
60076	9548	2
70053	22638	10
61504	215600	1
31941	1400	1
51896	1080	1
72354	2200	1
62716	1900	1
48575	230	1
38897	190	1
38070	520	1
69650	317399	1
29622	378	8
73016	650	6
73016	701	1
66747	410	5
72242	450	4
72242	450	4
71436	880	3
71436	880	1
69932	2800	1
50619	574	1
69057	639	1
72665	220	1
72665	260	1
62993	120	11
63015	201	2
63015	208	1
54329	350	3
33160	200	7
39811	210	3
66006	350	1
69625	350	2
73158	330	2
66095	200	7
73339	433	1
73238	990	2
71434	2400	1
71771	190	1
56642	560	1
63074	850	2
61728	610	1
54691	770	3
54691	770	2
39551	2150	1
38189	1100	1
72218	600	1
69692	70	10
69692	80	1
54680	53900	1
53855	30800	1
57349	180	10
60511	190	3
58781	264	1
43340	976	2
72522	27000	1
61769	33000	1
72523	33000	1
59259	289	4
71055	120	3
71055	130	8
51701	130	1
71457	90	3
35795	680	2
73031	1500	1
61039	1250	1
69762	650	1
70631	800	1
72730	1300	1
69659	570	1
64331	580	1
61508	730	2
65574	390	1
72735	1050	1
72735	1050	1
72735	1050	1
72735	1050	1
68600	600	1
68600	750	1
54577	820	2
69511	670	2
66250	490	2
69876	450	2
71323	400	1
62725	450	2
29659	320	6
29659	320	1
67086	250	3
72672	990	1
29660	280	2
55937	730	4
37505	720	1
37505	720	1
72553	450	2
33961	600	2
73055	440	1
60750	2980	2
61252	1800	2
63462	1250	1
36993	3240	1
72860	2900	1
73189	820	1
38573	890	5
43149	440	8
43149	440	1
70720	1100	1
51456	390	2
70196	1500	2
68595	130	3
66755	1360	2
67521	920	1
71116	9919	3
71189	240	2
42480	330	5
58716	270	12
48266	300	18
73240	240	2
55040	40	1
73209	75	4
73209	75	2
45579	2700	1
62649	1800	1
57413	1750	1
52849	1650	1
60145	1900	1
29688	1900	1
29693	700	1
69291	800	1
73019	1200	1
50160	1750	2
50160	1750	1
70087	2600	1
72462	40	7
30424	180	12
51290	900	3
63203	300	1
66167	200	2
65308	250	1
71699	450	1
70023	260	2
49840	900	1
55369	1100	2
61964	1400	1
34219	120	3
34219	120	1
34010	150	4
34010	150	1
72316	75	1
52881	87	5
30460	63	4
60450	1450	1
72408	1178	20
29703	711	1
30247	133	34
62543	450	1
70075	450	1
70075	450	1
70075	460	4
72788	349	1
72788	419	1
72788	440	1
34676	840	1
35152	43	8
62820	120	1
62820	120	1
54947	1024	1
29711	2021	1
66028	2060	2
71945	1700	1
72998	20100	1
64305	389	1
64843	190	2
48544	150	1
29717	850	3
71523	38200	1
66170	18975	1
29719	139	5
29719	142	3
55077	148	1
65142	1150	1
34073	140	2
70573	250	3
66302	410	2
56884	450	1
56001	650	2
42752	1300	1
65274	3700	1
56201	3300	1
52665	2000	1
71625	3200	1
29729	4700	1
72463	1800	1
73108	471	1
67539	445	1
73114	195	3
60272	190	1
58197	180	1
70764	910	1
66418	1000	2
66419	990	1
73054	1179	1
29735	657	1
60917	1090	1
66298	150	2
72247	1980	1
72247	1992	1
72352	1034	1
51401	527	2
69728	344	2
59570	1000	2
59570	1100	1
60273	1090	2
72219	1070	1
63128	1800	1
63128	1800	1
29748	1400	1
29748	1500	2
64345	800	1
67644	790	2
60310	1250	1
73091	760	1
65707	1250	2
71957	4903	3
69986	1500	1
59956	1050	1
73049	400	2
52672	1700	1
52672	1700	1
52672	1700	1
57008	890	2
71052	740	1
72669	250	1
72669	250	1
70525	410	1
67398	560	1
68978	750	1
71318	1600	1
70374	1650	1
68887	630	1
51839	349	1
66939	3180	1
72264	690	3
55507	650	2
55288	1170	3
73168	300	3
70680	680	2
68050	1450	2
68050	1450	1
55013	1300	1
67882	1200	1
61796	450	6
54841	1700	1
62581	4200	1
72709	6500	1
70329	490	2
67494	99	2
67494	101	8
60052	760	1
57573	280	6
57573	280	2
70180	180	10
64214	450	2
43540	150	2
43672	175	6
66923	1100	1
38112	550	1
37606	550	1
37606	700	1
60706	1100	1
61083	349	1
40021	240	1
57390	200	2
33342	140	2
34885	60	3
67985	561000	1
73036	1900	1
32324	220	1
32318	220	1
32316	270	1
31265	450	1
53848	350	1
31647	430	4
29811	2100	1
32072	470	2
69216	90	2
29793	1800	2
52316	75	23
39438	80	4
43200	250	2
70365	700	1
70366	840	1
71582	305	1
71882	400	1
39488	220	1
59425	220	1
32624	270	1
61235	260	1
65269	390	1
33715	340	1
58564	950	1
69600	360	1
36958	500	1
69347	350	2
69347	450	2
69794	470	1
63153	150	4
72305	681	10
49848	1496	2
71927	797	1
70855	1070	1
70855	1100	1
68368	990	1
29814	2600	1
58410	310	1
70772	2300	1
66344	1700	1
65350	600	1
36176	1650	1
54692	1750	1
71185	3200	1
70694	850	1
54327	1784	1
54327	1803	2
39994	194	3
29819	930	1
67541	4193	2
67776	2097	1
67776	2108	2
62288	931	2
29821	932	1
49338	2166	1
61692	1785	2
61692	1798	2
73084	874	2
32538	160	3
69266	60	3
60807	507	2
60896	668	1
60896	677	2
69579	1100	1
69580	1450	1
70220	220	1
70220	220	1
72639	200	1
43888	1200	1
57831	155595	3
57831	156507	1
30835	1000	1
30837	700	2
30837	700	1
70747	150	1
66943	338800	1
32038	480	1
61422	920	1
29911	1600	1
63709	55440	1
65587	41580	1
71930	18480	1
64172	6622	1
30744	880	1
72234	55440	1
68279	2500	1
69694	4000	1
71319	1500	1
71941	3700	1
52330	96	2
41992	135	2
29834	430	4
55587	420	4
44229	670	1
43770	690	1
71863	80	2
56271	650	1
35061	500	1
73195	1150	1
72584	1100	2
55471	4000	1
54969	1650	1
29841	800	1
29842	600	1
35940	890	2
72621	850	2
73092	940	1
68030	550	1
69251	320	1
62190	1350	1
62909	2150	1
29845	1100	3
63971	1550	1
63972	2170	1
66521	2400	2
48652	2100	1
67527	2370	2
67527	2370	1
67610	2250	1
67610	2300	1
69177	450	11
54609	1300	2
58053	150	1
68815	250	10
30698	200	11
29853	800	2
29853	900	1
60178	790	1
69936	520	1
58269	1000	1
65488	1108	2
67268	2266	1
52147	603	1
72536	580	2
72536	580	1
70899	680	2
49347	4998	4
72853	4944	2
72853	5034	1
72278	1000	1
58815	850	2
58815	850	1
66243	1150	1
57150	70	8
57150	70	8
55189	70	34
67600	294	3
73104	755	2
69227	502	1
69227	502	1
73126	75	1
72400	75	1
71463	350	1
71874	300	4
73223	1300	1
71545	550	2
71545	550	1
65668	648	2
65668	657	1
59490	1100	1
73181	3809	1
73053	726	1
53009	729	3
68994	360	1
71604	1200	1
64296	190	3
62277	780	2
66738	398	1
58088	484	4
71578	130	1
34569	420	2
64611	1150	1
70984	935	1
72784	620	1
72196	1250	1
69101	1300	2
69101	1300	2
69101	1500	2
30352	210	3
45466	80	1
45933	170	1
47575	170	1
41399	170	1
41398	170	2
41398	170	1
41397	170	2
41396	170	1
40355	200	1
46767	200	2
56977	200	1
29885	500	1
42136	170	2
72372	890	1
72372	900	1
29890	2050	1
46344	3500	3
72901	3100	1
73001	4700	1
72253	541	1
72254	398	1
72254	400	3
59795	970	1
64598	820	2
66508	500	1
29899	4300	1
36000	2220	1
29901	183	3
55870	215	2
70758	880	2
62730	200	1
61676	950	1
72464	680	1
71748	1500	2
54858	2100	1
54751	285	5
65122	197	2
43718	850	1
72872	1000	1
72872	1000	1
72872	1000	1
73093	93	9
29910	160	3
70167	435	1
54160	140	1
58043	151	7
71782	320	1
66178	55281	1
67898	2900	5
67898	3500	1
54509	570	1
38225	800	1
32177	750	2
67630	750	1
66854	171	5
67165	301	1
67165	345	4
68445	476	1
41805	390	1
72922	630	1
71645	380	1
61030	350	1
29917	527	1
29918	150	2
38334	37	4
66675	32	1
61618	72	5
61618	85	3
62618	1100	1
54675	243	2
29923	50	3
29924	580	1
71795	510	1
65187	8161	2
60239	2706	2
60239	2837	1
61750	2050	1
70639	2600	1
73111	2500	1
66967	1430	2
72122	950	2
66173	4900	3
45455	390	4
72448	860	2
72448	870	1
29929	726	1
72861	1314	1
29930	1960	1
58942	1370	1
73021	1330	1
55549	1210	30
72401	500	1
59428	570	1
35299	200	7
35299	250	4
72286	390	1
56918	150	8
71746	270	1
69649	270	1
72689	150	2
59253	200	1
59253	220	1
60795	220	1
60409	220	1
60798	220	1
60799	200	1
60802	200	1
60802	220	1
69382	280	1
59052	590	1
71891	614	1
71892	412	2
35641	980	1
73164	120	3
51332	80	4
51332	80	3
73243	85	4
69628	130	6
56744	620	1
68456	85	9
71572	60	1
42137	300	3
29946	520	1
64109	400	1
55917	350	4
73308	90	2
70712	200	1
73075	500	1
72985	80	6
57603	100	7
29953	2570	1
70051	210	7
70051	210	2
68178	140	2
60978	100	4
56968	76	1
72019	88	4
60675	980	1
39495	1000	1
37506	1200	1
50062	50	15
49745	210	1
66625	4620	2
44440	1300	2
72045	20	10
72046	40	10
72047	30	10
32035	450	2
50814	1040	2
48958	680	1
70645	25	50
70645	25	43
71145	140	16
34844	140	2
71543	2700	1
50554	650	1
71682	1270	2
71440	630	1
71440	660	2
56935	970	4
56935	970	1
43210	1000	1
43210	1050	2
72993	360	2
67141	390	1
65087	250	20
65087	250	4
69987	50	1
67994	25	1
64689	20	3
63346	20	17
71760	80	6
65163	30	2
55384	20	6
69352	30	60
38707	260	2
38707	260	1
51834	400	2
43467	270	7
57975	660	1
58214	450	2
57233	80	4
60471	100	4
60471	100	2
46226	50	1
54161	460	1
29977	650	4
29977	650	1
71130	2500	1
68903	420	2
73315	480	1
69624	620	2
70337	610	1
73258	720	1
57276	1550	1
68946	750	1
68206	1600	1
31388	143	3
31215	63	1
63825	35000	1
30899	1580	1
31656	1800	1
47544	970	1
47544	970	1
43152	220	4
65545	100	5
72728	810	1
66665	800	1
69474	1020	1
72791	300	1
71840	1200	1
69147	1100	1
72579	392	2
70102	384	2
72871	1400	1
64198	950	1
29996	1750	1
70101	990	2
70101	1150	1
69314	622	2
60438	1111	1
61528	1098	1
59621	1548	1
62739	2500	2
73317	1203	1
38494	1170	1
66190	686	1
73232	129	4
66778	200	1
30008	172	1
30008	174	7
57550	51	10
73035	69	1
71150	75	2
30010	77	1
59690	108	2
73050	600	2
73050	610	2
72775	36	8
49117	35	20
59569	109	14
68566	43	25
66519	990	1
50750	900	3
33453	1100	1
71870	1450	1
57376	491	1
41156	740	3
53191	90	1
70518	100	1
71094	350	1
71094	350	1
71094	350	1
69219	350	2
39235	200	3
59063	950	1
57688	450	1
72602	45	4
50355	130	1
73270	140	4
69531	2400	1
39243	670	1
71512	1300	2
37331	520	1
35131	570	1
57152	490	1
53010	650	1
65765	1250	1
32841	3200	1
59045	3700	1
35346	54	3
72912	56	3
69669	500	3
69973	109	1
69973	110	2
36979	134	2
42173	156	1
51450	108	2
30044	950	1
63248	440	1
72418	800	1
54859	800	1
34407	800	1
37785	1074	2
56107	656	1
47206	810	1
43765	50	51
43765	50	2
68744	1340	1
30051	2900	1
30052	800	5
30052	800	1
30054	88	4
30054	94	1
73206	110	2
71450	1400	1
71451	1400	1
40729	840	1
72569	2200	1
33624	150	1
55737	90	4
37122	140	1
56040	120	1
72471	80	5
72471	100	9
44107	420	1
64859	360	2
70559	180	1
63389	360	1
63390	350	1
66267	170	1
69422	230	1
40534	200	1
63587	150	1
56197	80	1
60215	70	1
33812	100	4
35342	150	1
50880	450	1
71533	95	1
67671	70	3
42346	100	2
72644	1600	1
56869	2100	1
72641	2200	1
72261	2200	1
72924	2200	1
68852	2200	1
69615	500	1
69919	1100	1
71190	1200	1
69921	900	1
59525	500	1
45936	450	1
71192	850	1
71191	850	1
66483	1300	1
66487	1900	1
65999	1700	1
72031	420	3
32504	100	5
39162	900	1
39164	900	1
39166	900	1
43283	365	4
43283	365	1
51025	440	5
33700	80	5
72874	220	1
55879	5	69
71211	120	5
73320	120	8
51012	430	4
51012	430	1
72944	5	1
62606	120	5
59509	25	25
64972	6	85
64972	8	88
42869	4.5	74
60830	1250	0.12
36178	220	8
60313	15	25
60309	220	10
60309	220	3
66289	500	9
64962	400	8
72976	15	12
54169	170	12
73196	15	100
56686	240	1
46521	15	24
44245	250	1
72159	15	3
53011	15	103
65642	23	49
57770	130	1
49574	70	19
72596	10	13
72838	50	25
30120	15	95
30120	15	1
70664	20	26
69430	500	2
71975	10	30
66680	80	1
49753	170	3
62083	260	3
62083	260	2
43316	240	10
70474	230	10
70474	230	7
70449	230	3
70449	230	1
70441	260	6
70451	260	6
70444	240	10
70444	240	3
70444	240	1
70446	270	5
70446	270	2
70450	190	2
70450	200	5
70452	220	10
70452	220	3
70453	260	10
70458	230	8
70458	230	2
70458	230	1
70460	260	10
70460	260	2
70460	260	1
70454	250	9
70454	250	4
70480	220	12
70455	260	10
70455	260	4
70484	240	10
70468	230	12
70470	270	9
70470	270	7
70462	330	10
70462	330	3
70464	220	2
70496	220	5
70496	220	4
70496	220	1
70494	250	4
70499	240	5
70499	240	1
70501	250	15
70503	320	5
70482	250	6
70482	250	1
70466	210	8
70466	210	1
70505	250	10
70505	250	1
70508	280	10
70508	280	1
70509	220	5
70510	280	2
70510	280	1
70511	250	3
70473	250	10
70473	250	6
70507	260	8
70513	250	10
70512	230	1
70512	230	1
70514	260	10
70514	260	3
70488	260	7
70488	260	2
70488	260	2
70492	230	16
70492	230	3
70490	260	9
70516	260	8
70516	260	4
70435	230	20
70435	230	5
70435	230	1
72714	48000	4
31163	890	1
41600	26558	2
57312	550	1
32234	1500	1
63711	33143	3
71895	43120	1
71896	77676	1
30600	550	1
66944	73000	2
64304	59105	1
61891	168492	1
41872	27720	3
70334	35035	1
65567	231000	1
72905	19580	1
72906	27000	1
72445	1780	1
66783	53900	1
31762	4400	1
44890	97	1
30123	10500	1
69073	900	2
30124	160	3
72235	30	9
33610	340	1
30126	750	1.7
61667	430	1
61667	430	1
73070	35	5
69076	110	1
57527	1217	1
30133	83	4
30134	172	2
62901	900	1
30136	166	2
35389	218	1
72025	1700	1
68935	1500	2
66340	1300	2
69483	2100	1
65416	280	6
65416	280	3
70438	240	10
70438	240	4
54832	300	29
54832	300	25
54846	320	1
70424	220	10
70424	220	2
50384	220	10
50384	220	4
70426	220	8
70427	210	10
70427	210	4
39005	260	6
39005	260	1
39005	260	1
40151	260	3
40151	260	3
69695	270	7
69695	270	6
70431	270	6
70431	270	6
70432	240	10
70432	240	1
70434	210	10
70434	210	4
70439	220	4
70439	220	3
70440	210	10
70440	210	2
70442	280	8
70442	280	1
70447	270	13
70447	270	1
60529	270	13
70448	210	4
70448	210	2
70456	240	2
70456	240	2
70475	220	20
70475	220	6
70461	190	8
70461	190	2
70477	220	8
70465	250	5
70465	250	3
70467	200	6
70467	200	1
70469	240	9
70469	240	2
70459	260	10
70459	260	4
70459	260	1
70485	210	6
70471	240	9
70479	220	9
70479	220	1
70486	200	10
70486	200	1
70487	240	14
70487	240	6
70481	220	12
70481	220	1
70481	220	1
70472	220	5
70489	220	14
70489	220	2
70483	220	9
70483	220	2
70491	230	9
70491	230	1
70497	200	5
70498	200	5
70500	180	1
70500	210	3
70500	210	3
70500	210	1
70493	230	11
70493	230	6
70502	230	16
70502	230	9
70495	220	2
70504	200	4
70506	200	5
70506	200	1
70429	220	15
70429	220	5
70433	250	1
70433	260	7
70436	270	13
70436	270	4
70437	220	7
70437	220	3
70443	210	6
70445	210	11
70457	220	5
60324	650	2
64804	1050	2
71207	3000	1
61349	2000	1
61349	2200	1
61349	2200	1
70881	1300	1
70882	1250	1
70883	1070	1
44570	1650	1
30145	850	1
66099	740	1
44736	2868	1
71345	3970	1
40020	1944	1
69014	1500	1
51342	500	1
51342	500	1
73139	500	1
73139	550	1
67634	450	1
71212	300	2
72729	220	3
71513	500	2
71631	280	1
70158	420	2
63653	3200	1
63653	3400	7
54319	3100	1
66174	35002	1
72089	790	1
72624	1850	1
52466	1600	1
66885	75	20
43434	140	2
57807	1031	1
73252	2916	1
61140	927	3
68245	2804	2
68245	2833	1
68235	944	2
42771	200	1
68701	2200	1
70577	2200	1
70577	2200	1
70577	2270	1
67834	6655	2
72719	700	1
72287	600	1
72288	600	2
30158	500	2
48313	370	2
37996	370	1
48572	870	1
60883	650	1
59207	990	1
59207	990	1
59207	1000	1
68757	900	2
61482	630	2
61482	630	1
69699	310	1
71866	129	2
71866	131	1
69799	489	1
72910	2700	1
72910	2700	0.6
71342	420	5
72390	400	1
72390	400	1
65294	420	2
69138	465	1
41697	900	1
30406	65	5
71816	89	1
71816	91	4
71504	117	3
71519	69	1
71149	214	1
69836	170	2
30167	57	2
67211	226	1
71502	66	2
71005	43	3
69079	450	1
66984	420	1
30173	158	2
30173	163	1
45484	148	8
30177	840	1
67639	840	1
71335	732	1
49859	380	1
30183	250	5
63076	8081	2
63076	9078	1
70139	6784	1
68216	4270	1
38398	1700	1
47324	670	2
30185	1300	2
47325	1250	1
30186	550	1
54281	820	1
54281	850	5
49867	900	2
32742	850	4
32742	850	1
68423	660	1
68423	680	3
66532	700	2
69380	610	1
30190	590	1
39508	3200	1
71392	220	10
71391	1430	10
30195	450	2
30196	310	2
53913	780	3
72902	1100	1
65415	126498	1
72889	190	2
57063	7271	1
71538	1090	1
61581	1080	1
61581	1120	2
70789	46156	1
65610	53977	1
67636	1200	2
35025	520	1
71646	500	1
30211	100	2
34946	100	1
73065	1300	1
34178	850	1
34178	950	1
54951	560	5
67049	860	1
54571	780	1
45696	770	2
48370	670	1
48370	840	1
69304	2370	1
70121	1050	2
69984	2250	1
69984	2460	1
71744	3900	1
73089	1450	1
52172	1250	1
72197	4550	1
67082	1800	1
70623	1200	1
61652	850	1
61652	850	1
51652	1150	1
30219	2100	1
66976	800	1
66976	900	21
72134	300	2
72134	380	1
66176	25102	2
66177	50239	2
32216	561	2
36680	497	2
68140	330	2
66124	660	1
71315	370	1
65376	800	1
69342	64680	1
65371	217	1
66245	182	2
70298	262	1
67062	268	2
65205	197	1
65205	198	3
69588	247	2
70368	263	2
66566	111	1
73110	47	3
67450	850	1
64889	794	2
56298	3300	1
72936	350	1
72936	350	1
64967	120	2
69717	683	2
52799	2447	1
71435	2422	2
71435	2437	1
72909	4450	1
71259	2540	1
73218	4864	1
41036	100	5
73241	80	19
71875	5300	1
72661	2200	1
71817	1970	1
70994	6900	1
63115	5000	1
